LAT: -33.6610262
LON: -58.8289611
